 11.140
 12.421
 12.359
 12.399
 12.233
 11.731
 11.731
 11.593
 11.593
 11.593
 11.593
 11.593
 11.593
 11.593
 11.112
 11.039
 11.039
 11.039
 10.928
 10.629
 10.629
 10.629
 10.629
 10.629
 10.260
 10.423
 10.423
  9.868
  9.916
  8.566
  9.054
  9.042
  9.042
  8.905
  9.607
  9.709
  9.706
 10.620
 11.413
 11.413
 11.413
 11.413
 11.413
 11.109
 11.244
 11.118
 11.240
 11.247
 10.958
 11.287
 11.456
 11.148
 10.985
 11.998
 12.454
 12.279
 12.154
 12.262
 12.262
 12.448
 11.654
 11.277
 11.131
 11.400
 11.552
 11.626
 11.946
 11.221
 11.937
 11.963
 11.546
 10.617
 10.617
 10.288
 10.288
 10.701
 10.073
  9.910
 10.152
  9.826
 10.546
  9.817
  9.150
  8.951
  9.100
  8.613
  8.613
  9.529
  9.723
  9.723
 10.118
 11.166
 11.166
 11.166
 11.051
 11.051
 10.949
 11.497
 11.735
 11.347
