42.337 
27.5371 
64.7146 
52.1682 
54.5648 
10.034 
-17.0268 
-20.7522 
-13.6429 
33.8334 
54.7609 
42.8011 
62.7685 
39.7156 
42.3498 
35.174 
10.2467 
-1.92718 
11.5979 
36.0891 
19.1677 
68.5604 
41.4658 
95.7984 
81.2824 
-5.12713 
-17.8849 
-26.5663 
-14.9091 
19.6136 
77.1233 
58.7798 
27.5253 
30.9672 
42.8849 
44.9509 
6.58618 
0.0593394
15.104 
44.9605 
82.959 
49.9648 
147.208 
70.2371 
91.7767 
21.233 
-9.44788 
-14.1838 
1.99458 
52.3529 
84.4406 
60.1637 
101.122 
74.9433 
69.1872 
10.7644 
-15.7099 
-20.0655 
5.1347 
28.6085 
111.384 
88.4975 
52.9507 
87.8839 
33.3219 
41.6944 
1.80321 
-6.06613 
26.1303 
44.5107 
60.7378 
104.382 
46.5237 
89.5904 
61.3857 
17.3038 
-7.91014 
-16.3227 
-6.25869 
25.1496 
61.7904 
129.333 
128.298 
90.6595 
67.7707 
32.7538 
10.8517 
6.7078 
26.9259 
68.7565 
59.7849 
65.7675 
82.5257 
38.7916 
55.0693 
48.4937 
30.7673 
24.3024 
29.8184 
71.387 
54.6609 
20.7929 
71.9357 
97.8944 
113.703 
43.0339 
43.0339 
43.0339 
43.0339 
65.9047 
137.465 
117.862 
81.1258 
53.3931 
49.677 
36.1368 
12.6846 
3.25308 
22.2436 
42.3017 
62.3175 
51.409 
68.5503 
51.7984 
49.3666 
24.795 
0.36085 
-4.25715 
11.4584 
48.2159 
76.6545 
121.038 
61.3128 
70.0737 
39.6345 
5.05258 
-2.40881 
-8.38774 
-2.50352 
47.3339 
25.2936 
34.3229 
70.6033 
24.3047 
41.2983 
25.5059 
1.94906 
-3.04661 
17.6258 
39.635 
50.5926 
126.938 
117.762 
94.0036 
71.2986 
51.0353 
2.40079 
-2.77899 
6.9184 
42.1619 
89.7981 
88.2568 
154.448 
70.1145 
75.7151 
80.3056 
41.6588 
37.7068 
38.3707 
63.7198 
119.195 
124.524 
136.098 
35.8976 
18.0192 
4.7395 
-12.6517 
-18.0243 
3.36726 
44.4599 
114.232 
60.8862 
86.9537 
70.6222 
35.1278 
28.1753 
8.91888 
4.95478 
20.8462 
64.0012 
49.5978 
88.7275 
57.8572 
90.934 
86.7805 
35.6776 
-2.69975 
-9.76589 
17.247 
97.991 
162.788 
81.848 
43.3542 
76.0888 
55.4511 
47.889 
24.8137 
22.4693 
38.2955 
55.5991 
96.9186 
119.91 
84.7768 
143.087 
65.4238 
26.6692 
8.20367 
-11.4756 
2.55184 
42.7775 
46.8522 
88.2552 
68.9345 
116.499 
153.466 
68.7566 
19.3578 
4.99117 
13.6264 
53.6781 
101.409 
109.658 
58.1664 
67.0391 
61.5351 
24.8249 
-2.50796 
-6.88753 
3.80933 
44.575 
71.6361 
66.0951 
103.618 
70.7112 
20.912 
-6.77167 
-21.5215 
-27.0825 
-10.1416 
49.8218 
42.6452 
51.7141 
66.1876 
34.9123 
19.2255 
-0.954179
-25.3864 
-29.0295 
-20.7548 
42.4801 
23.3811 
43.8473 
38.9226 
74.9295 
44.2839 
27.2041 
9.64358 
4.45605 
15.8786 
40.5413 
87.9065 
116.391 
95.1448 
51.0885 
39.3368 
39.8465 
26.8183 
26.8183 
26.8183 
26.8183 
77.6066 
41.7681 
82.0127 
84.1889 
58.6055 
36.0989 
28.0131 
12.1592 
15.4555 
43.4801 
57.1026 
36.4472 
55.5046 
104.867 
58.7534 
44.3036 
34.769 
32.6146 
41.6376 
80.5454 
99.2566 
68.5268 
103.992 
80.8898 
78.6624 
28.7457 
29.7906 
29.3628 
44.2651 
51.0031 
65.689 
54.913 
93.8187 
49.8026 
15.5095 
8.25949 
-5.43225 
-14.8701 
-1.38916 
31.6877 
57.4096 
54.4339 
75.3677 
76.8299 
49.1851 
44.3868 
13.3189 
-3.32105 
25.0151 
23.4404 
115.078 
46.4051 
84.3183 
108.267 
60.9951 
39.6586 
-5.34041 
-9.57003 
13.3719 
17.3053 
20.9892 
65.3857 
51.4978 
75.0041 
109.995 
59.4369 
17.9873 
1.64643 
16.5167 
55.7593 
53.5647 
81.1906 
50.828 
79.8712 
63.9092 
36.6359 
29.9283 
28.5072 
43.2766 
53.385 
55.7539 
138.54 
126.111 
110.971 
80.7981 
46.8727 
4.04908 
1.28369 
25.2642 
73.1608 
98.9311 
123.734 
33.1283 
55.1826 
43.1809 
34.5138 
13.49 
4.70783 
36.2348 
65.0743 
62.3427 
164.89 
162.593 
83.145 
62.9093 
32.4914 
25.1224 
19.2245 
26.3745 
53.3886 
69.6305 
58.9065 
74.8972 
52.9144 
80.5178 
48.7775 
37.4512 
29.5655 
49.1289 
53.3333 
67.0813 
55.7104 
70.3781 
109.301 
74.1447 
49.4104 
14.2553 
4.34847 
14.9157 
58.4089 
35.0443 
68.6291 
53.7363 
52.9339 
46.6642 
47.7867 
26.0982 
9.05272 
25.695 
55.5481 
62.3736 
56.4669 
75.0766 
33.2096 
45.5797 
30.3673 
14.5626 
10.0741 
14.9319 
30.9679 
46.5249 
65.6238 
87.9511 
90.2627 
43.8699 
31.8411 
7.30668 
0.0677505
12.1203 
34.3943 
58.6774 
97.4598 
99.4711 
130.92 
48.3166 
40.8106 
19.3011 
13.4135 
29.6502 
46.9842 
75.1561 
61.2598 
78.4835 
63.0571 
113.884 
57.1491 
3.44661 
-11.5126 
8.79357 
30.0948 
63.1144 
52.4087 
98.237 
104.425 
75.8911 
64.5124 
6.15718 
1.21239 
25.4822 
57.8477 
52.7452 
72.7063 
57.9688 
89.6998 
53.0027 
32.994 
10.4269 
7.47149 
19.2004 
58.3948 
25.2379 
102.385 
49.9348 
56.0507 
35.4015 
40.2257 
16.9216 
7.86492 
32.5481 
62.7074 
91.0856 
63.4615 
101.131 
95.9644 
79.6616 
24.6686 
11.2879 
3.25054 
21.836 
38.1524 
40.3685 
58.2795 
67.5893 
38.8845 
37.5506 
20.5821 
-16.6617 
-22.0106 
-8.96081 
17.9291 
18.5155 
41.1871 
54.9659 
39.0291 
60.7974 
36.8965 
26.6654 
24.0584 
34.0792 
59.9482 
67.874 
58.5759 
62.5385 
74.4485 
51.1494 
42.4641 
12.2274 
8.44353 
19.8413 
41.6772 
45.5375 
76.2624 
35.8966 
62.0507 
66.0031 
41.472 
19.901 
17.0666 
38.0544 
36.0812 
81.7 
83.8137 
140.169 
33.3555 
51.7974 
40.3736 
0.839386 
-9.05612 
4.80693 
28.6914 
25.7264 
91.0957 
28.6755 
62.4276 
51.028 
28.9531 
9.12296 
1.37128 
23.9773 
67.9151 
43.5749 
76.5061 
100.558 
120.434 
96.6898 
41.2301 
1.50781 
-12.3049 
-5.64021 
32.3021 
46.4462 
78.4681 
30.57 
64.8169 
72.952 
41.8313 
22.8168 
9.46249 
21.0729 
40.5621 
58.6734 
51.3891 
70.6475 
77.2802 
44.4658 
60.5281 
43.316 
27.8429 
26.7178 
48.2308 
42.9309 
59.5144 
67.7856 
36.1923 
45.3011 
34.4663 
20.0801 
10.7753 
32.2655 
45.9827 
50.3559 
35.6317 
46.858 
109.248 
32.7326 
29.2969 
-3.97122 
-11.8244 
2.99334 
25.0647 
61.5314 
90.6048 
109.692 
81.6431 
59.9652 
22.7412 
5.47844 
-4.43708 
10.0074 
33.2724 
99.7404 
29.5474 
102.403 
42.5784 
38.7907 
22.6873 
16.1643 
12.2054 
29.1272 
48.2134 
47.8847 
61.1629 
51.8767 
46.7839 
29.3929 
15.4168 
-1.12659 
-10.7556 
8.24379 
33.4432 
66.1081 
86.5571 
24.84 
27.7425 
20.9921 
-4.77805 
-5.12605 
-21.9223 
-6.84924 
56.5358 
45.6602 
49.0405 
118.588 
102.611 
69.6901 
47.6678 
2.53915 
-8.96846 
9.12028 
37.4383 
75.6238 
195.8 
171.08 
189.782 
153.792 
28.4204 
-3.95868 
-9.41191 
-0.647311
71.2541 
34.488 
25.3072 
101.903 
97.4116 
74.8708 
9.18961 
-9.25424 
-11.2916 
3.76243 
5.12946 
44.1631 
45.8106 
135.525 
69.7301 
73.3252 
35.864 
14.7297 
6.33165 
16.646 
33.8183 
51.0514 
52.4131 
46.2356 
35.7622 
48.6592 
9.72173 
-13.8494 
-19.8361 
-18.5114 
22.9379 
34.4806 
38.6444 
100.723 
103.546 
39.4233 
26.5536 
-1.72752 
-11.5767 
-0.201168
19.5065 
24.2855 
102.472 
71.6236 
56.3154 
53.7719 
25.2121 
1.67667 
-0.455059
9.97836 
26.1889 
68.4276 
131.646 
94.6757 
113.155 
76.441 
41.4229 
16.0667 
7.98566 
26.7904 
97.6566 
100.279 
151.391 
73.9147 
45.2067 
74.4765 
38.0673 
9.69074 
4.46923 
19.8663 
49.0321 
53.1681 
65.2059 
43.6915 
63.7137 
62.6746 
25.4006 
12.0146 
7.38733 
15.0976 
53.768 
60.404 
63.4043 
88.3091 
132.02 
59.6122 
40.8178 
39.5534 
34.5108 
35.9948 
59.3834 
67.0551 
141.95 
30.255 
53.0194 
43.5893 
49.1242 
10.525 
8.73476 
23.7538 
49.4663 
56.0768 
66.1144 
60.1209 
78.1436 
30.9501 
42.4353 
11.7751 
8.63373 
17.7949 
31.0848 
86.5229 
123.087 
68.9391 
136.961 
84.4089 
35.4691 
1.78465 
-2.79195 
18.7329 
47.8245 
78.1921 
74.977 
94.0166 
89.7865 
111.367 
60.1435 
29.2828 
14.902 
15.8525 
66.9817 
133.296 
57.8469 
155.084 
79.7557 
59.8037 
38.0594 
21.119 
16.3341 
24.8342 
58.7047 
39.4902 
44.1253 
141.789 
80.2185 
115.697 
60.2915 
0.292894 
-3.0909 
27.6035 
44.2533 
46.7167 
93.5288 
114.448 
26.4942 
58.8858 
24.2099 
15.4622 
10.4001 
10.4001 
12.5054 
37.3862 
70.7693 
37.5301 
87.8675 
40.8424 
14.2875 
-4.7597 
-8.1915 
-0.447371
33.5109 
140.078 
90.6413 
101.803 
104.442 
56.5313 
46.7422 
23.9641 
11.9232 
35.0453 
46.8558 
77.7305 
78.5132 
54.8123 
49.035 
79.4902 
35.2873 
9.76886 
8.03958 
13.9907 
54.2848 
57.8919 
43.0998 
52.454 
47.8018 
54.0581 
36.1618 
21.1237 
16.5771 
39.8422 
34.9755 
48.1166 
64.0959 
82.5928 
91.3154 
63.1209 
53.3686 
26.0824 
24.9334 
35.7914 
64.7275 
68.6786 
98.2859 
45.5595 
65.377 
28.1536 
17.7994 
-4.00132 
-14.8855 
8.42994 
46.8991 
78.9774 
66.9978 
102.721 
54.3235 
74.9852 
33.9536 
13.3387 
3.52865 
6.87936 
6.87936 
77.2474 
66.9403 
49.604 
84.4723 
92.7554 
16.5393 
-8.83415 
-13.1232 
8.42932 
48.4651 
97.8114 
82.0116 
86.8864 
59.3817 
55.1183 
38.2006 
24.3021 
13.5648 
18.2603 
41.9718 
63.8898 
70.2162 
52.9632 
79.6659 
115.089 
72.1423 
42.9174 
29.5784 
39.1556 
66.6615 
85.0213 
109.145 
125.234 
114.166 
103.311 
81.4531 
80.2837 
73.8693 
73.8693 
123.084 
71.8157 
119.342 
140.275 
32.3827 
53.0576 
35.533 
10.0555 
3.14081 
17.3837 
37.6195 
39.2755 
60.9835 
85.5146 
41.9701 
41.9957 
28.0914 
15.243 
14.5818 
14.0896 
45.7639 
33.1564 
65.3505 
58.1179 
101.504 
9.79333 
16.9205 
-9.81542 
-15.4951 
-0.117019
41.7536 
17.7766 
44.9 
84.4 
69.8339 
46.0081 
27.2773 
15.25 
12.5359 
22.922 
49.2415 
66.3771 
60.9718 
92.2816 
104.379 
31.6981 
46.6097 
26.915 
22.4647 
26.5607 
48.0788 
65.7753 
43.3762 
40.1326 
58.9627 
31.9728 
34.1789 
19.8283 
15.188 
16.4511 
34.8792 
34.8792 
