 14.271  20.433  11.746  14.689
 14.904  20.465  11.578  14.773
 14.785  20.450  11.502  14.736
 14.684  20.484  11.290  14.679
 14.311  20.449  11.519  14.694
 13.946  20.490  11.358  14.624
 13.946  20.490  11.358  14.624
 14.006  20.496  11.183  14.582
 14.006  20.496  11.183  14.582
 14.006  20.496  11.183  14.582
 14.006  20.496  11.183  14.582
 14.006  20.496  11.183  14.582
 14.006  20.496  11.183  14.582
 14.006  20.496  11.183  14.582
 14.156  20.596  11.139  14.612
 13.880  20.535  11.093  14.566
 13.880  20.535  11.093  14.566
 13.880  20.535  11.093  14.566
 14.288  20.557  11.403  14.666
 14.274  20.566  11.563  14.691
 14.274  20.566  11.563  14.691
 14.274  20.566  11.563  14.691
 14.274  20.566  11.563  14.691
 14.274  20.566  11.563  14.691
 14.329  20.522  11.906  14.722
 14.162  20.502  12.213  14.795
 14.162  20.502  12.213  14.795
 15.140  20.502  12.214  14.823
 15.304  20.486  12.411  14.854
 14.775  20.509  12.436  14.855
 15.050  20.483  12.589  14.894
 14.935  20.499  12.493  14.858
 14.935  20.499  12.493  14.858
 15.217  20.465  12.833  14.895
 15.297  20.303  12.916  14.856
 14.927  20.304  12.570  14.744
 15.056  20.363  12.212  14.699
 14.663  20.293  12.580  14.781
 14.651  20.312  12.465  14.806
 14.651  20.312  12.465  14.806
 14.651  20.312  12.465  14.806
 14.651  20.312  12.465  14.806
 14.651  20.312  12.465  14.806
 14.126  20.307  12.542  14.723
 13.929  20.317  12.429  14.681
 14.118  20.388  12.525  14.823
 14.127  20.304  12.943  14.820
 13.734  20.324  12.891  14.753
 13.951  20.319  12.436  14.754
 14.052  20.314  11.996  14.676
 13.747  20.253  12.246  14.699
 13.583  20.205  12.845  14.758
 13.552  20.261  12.744  14.776
 12.729  20.024  12.954  14.607
 12.758  20.042  12.444  14.499
 13.083  20.052  12.138  14.483
 13.509  20.026  12.435  14.576
 13.387  19.958  12.643  14.579
 13.387  19.958  12.643  14.579
 13.691  19.925  12.828  14.617
 13.730  20.038  12.401  14.619
 13.769  20.024  12.590  14.658
 12.970  19.982  12.791  14.677
 12.704  19.961  13.099  14.698
 12.679  19.996  13.083  14.731
 12.693  20.037  12.933  14.717
 12.222  20.019  13.141  14.684
 11.604  20.050  13.317  14.716
 12.275  19.886  13.859  14.787
 11.752  19.843  13.679  14.753
 11.955  19.850  13.661  14.739
 13.124  19.999  13.757  14.853
 13.124  19.999  13.757  14.853
 13.366  20.061  13.802  14.931
 13.366  20.061  13.802  14.931
 14.041  19.982  13.331  14.819
 14.210  19.866  13.435  14.839
 14.845  19.967  13.552  15.009
 14.858  19.978  13.384  14.977
 14.998  19.879  13.816  15.059
 15.777  19.815  13.785  15.023
 16.188  19.744  14.478  15.207
 16.055  19.781  14.235  15.131
 16.185  19.891  13.696  15.059
 16.353  19.867  13.628  15.092
 16.202  19.916  13.591  15.065
 16.202  19.916  13.591  15.065
 15.884  19.834  13.992  15.103
 16.058  19.794  13.891  15.074
 16.058  19.794  13.891  15.074
 16.128  19.747  13.930  15.039
 16.209  19.652  13.916  15.019
 16.209  19.652  13.916  15.019
 16.209  19.652  13.916  15.019
 16.309  19.696  13.506  14.931
 16.309  19.696  13.506  14.931
 16.366  19.771  13.462  14.966
 16.439  19.758  13.313  14.931
 16.339  19.831  13.244  14.988
 16.480  19.824  13.385  15.014
