36
37
44
45
46
48
49
50
51
54
111
112
113
114
117
118
119
120
121
122
124
125
126
127
129
154
168
169
170
172
173
174
176
178
180
181
182
185
186
187
188
189
190
191
196
198
201
202
208
209
210
219
220
227
228
230
231
232
233
234
235
249
253
255
258
264
265
266
269
271
273
274
278
279
280
282
285
301
303
304
321
353
356
357
382
384
386
387
388
390
391
394
396
397
399
400
405
406
407
408
409
410
411
412
413
415
416
417
420
421
422
423
424
425
426
427
428
429
430
431
432
433
434
435
436
437
438
439
440
441
442
444
445
446
447
448
449
450
451
452
453
454
455
456
457
458
460
461
462
463
464
465
466
467
468
470
471
472
473
474
475
476
477
478
479
480
481
482
483
486
487
488
489
490
491
492
493
494
495
496
497
498
499
500
501
502
503
504
505
506
507
508
509
510
511
512
513
514
515
516
517
518
519
520
521
522
523
524
525
526
527
528
529
530
531
532
536
537
539
540
541
542
543
544
545
546
547
560
565
567
568
569
573
574
575
588
590
593
602
603
604
605
606
607
608
609
611
612
615
616
617
618
619
620
621
622
623
624
625
626
627
628
629
630
631
632
637
638
639
640
641
642
643
644
646
647
648
649
650
651
652
653
654
655
656
657
658
659
660
661
662
663
664
665
666
667
668
669
671
672
673
675
676
677
678
679
680
683
684
685
687
688
691
692
696
697
698
699
700
703
706
707
708
711
712
713
714
715
716
717
718
719
720
721
722
723
724
725
729
732
733
734
735
736
738
739
740
742
743
744
746
747
748
749
750
751
752
753
754
755
756
757
758
759
760
761
762
763
764
765
766
767
768
769
770
771
772
773
774
775
776
777
778
779
780
781
782
783
784
785
786
788
789
790
791
792
793
794
795
796
797
799
800
801
803
804
805
806
807
808
809
810
811
812
813
814
815
816
817
818
819
820
821
822
823
824
825
826
827
828
829
830
831
832
833
834
835
836
837
838
839
840
841
842
843
844
845
846
847
848
849
850
851
852
853
854
855
856
857
858
859
860
861
862
863
864
865
866
867
868
869
870
871
872
873
874
875
876
877
878
879
880
884
885
886
890
891
892
894
899
900
901
902
903
910
912
913
914
915
917
918
919
922
931
933
934
938
939
940
941
942
943
944
945
946
948
949
951
952
953
954
955
956
957
958
960
961
962
964
965
966
967
968
969
970
971
972
973
974
975
976
977
978
979
980
981
982
983
984
985
986
987
988
989
990
991
992
993
994
995
996
997
998
999
1000
