1
2
3
4
5
6
7
8
9
10
11
12
13
14
15
16
17
18
19
20
21
22
23
24
25
26
27
28
29
30
31
32
33
34
35
38
39
40
41
42
43
47
52
53
55
56
57
58
59
60
61
62
63
64
65
66
67
68
69
70
71
72
73
74
75
76
77
78
79
80
81
82
83
84
85
86
87
88
89
90
91
92
93
94
95
96
97
98
99
100
101
102
103
104
105
106
107
108
109
110
115
116
123
128
130
131
132
133
134
135
136
137
138
139
140
141
142
143
144
145
146
147
148
149
150
151
152
153
155
156
157
158
159
160
161
162
163
164
165
166
167
171
175
177
179
183
184
192
193
194
195
197
199
200
203
204
205
206
207
211
212
213
214
215
216
217
218
221
222
223
224
225
226
229
236
237
238
239
240
241
242
243
244
245
246
247
248
250
251
252
254
256
257
259
260
261
262
263
267
268
270
272
275
276
277
281
283
284
286
287
288
289
290
291
292
293
294
295
296
297
298
299
300
302
305
306
307
308
309
310
311
312
313
314
315
316
317
318
319
320
322
323
324
325
326
327
328
329
330
331
332
333
334
335
336
337
338
339
340
341
342
343
344
345
346
347
348
349
350
351
352
354
355
358
359
360
361
362
363
364
365
366
367
368
369
370
371
372
373
374
375
376
377
378
379
380
381
383
385
389
392
393
395
398
401
402
403
404
414
418
419
443
459
469
484
485
533
534
535
538
548
549
550
551
552
553
554
555
556
557
558
559
561
562
563
564
566
570
571
572
576
577
578
579
580
581
582
583
584
585
586
587
589
591
592
594
595
596
597
598
599
600
601
610
613
614
633
634
635
636
645
670
674
681
682
686
689
690
693
694
695
701
702
704
705
709
710
726
727
728
730
731
737
741
745
787
798
802
881
882
883
887
888
889
893
895
896
897
898
904
905
906
907
908
909
911
916
920
921
923
924
925
926
927
928
929
930
932
935
936
937
947
950
959
963
