0.3885690 
0.4387113 
0.5802298 
0.6948436 
0.9013082 
0.7179255 
0.7386788 
0.7501804 
0.7177638 
0.6442610 
0.7060672 
0.7623747 
0.6961986 
0.7620109 
0.7777814 
0.6625116 
0.6986142 
0.6547620 
0.7124360 
0.6612847 
0.6700168 
0.7723485 
0.9909976 
0.8788038 
1.0026981 
1.0117699 
0.9689773 
0.9571171 
0.9899909 
1.0355448 
1.1170299 
1.1919651 
1.0874783 
1.1595429 
1.1022034 
1.1546082 
1.1005166 
1.0926037  
1.0610188 
1.2156150 
1.0651070 
1.1105310 
1.1231941 
1.1711974 
1.1943004 
1.1910194 
1.2712097 
1.2810282 
1.2644718 
1.1051863 
1.1623257 
1.3034143 
1.1228043 
1.2685010 
1.2085700 
1.0983064 
1.2005196 
1.2024007 
1.1761378 
1.2755783 
1.1075083 
1.0939419 
1.0146452 
1.1486329 
1.0113223 
0.9877094 
0.9764742 
0.9769333 
1.0520630 
0.9856725 
1.1177524 
1.2357272 
0.9915380 
0.9052824 
0.9208618 
0.9387695 
0.9342119 
0.9479730 
0.9659013 
1.1212697 
0.9870600 
0.9361023 
0.8738603 
0.8504959 
0.8471665 
0.9061558 
0.9649856 
0.9585284 
0.9962229 
0.9623469 
1.0490226 
1.0166472 
1.1332791 
1.1197201 
1.3114606 
1.2378746 
1.2446696 
1.2420743 
1.2703859 
1.3067008 
1.3028772 
1.3693212 
1.3269083 
1.3581108 
1.3053452 
1.2842686 
1.2842686 
1.2842686 
1.2842686 
1.2657616 
1.1686015 
1.2247757 
1.2574728 
1.2536242 
1.2284858 
1.1677116 
1.1482121 
1.1548095 
1.1429155 
1.2701641 
1.2440500 
1.2360686 
1.3278195 
1.1403875 
1.1307378 
1.0967153 
1.1718328 
1.1680088 
1.1568455 
1.1922960 
1.1995862 
1.2794179 
1.3615910 
1.3062812 
1.2456452 
1.1587952 
1.2096548 
1.1961293 
1.1810740 
1.2473500 
1.2315629 
1.2977965 
1.1484270 
1.3294855 
1.4282732 
1.2658997 
1.2655118 
1.2666023 
1.2436614 
1.2761177 
1.4696467 
1.3701354 
1.4894692 
1.2944325 
1.4369373 
1.3850050 
1.3633047 
1.3533480 
1.3402421 
1.2844433 
1.3721843 
1.4878571 
1.5122524 
1.5276089 
1.6593052 
1.5357491 
1.5459356 
1.5552095 
1.5873404 
1.5305147 
1.4754211 
1.4553522 
1.4718912 
1.2881620 
1.1600630 
1.0754538 
1.2103332 
1.2166097 
1.3674184 
1.4897686 
1.1525139 
1.2382804 
1.3375112 
1.0791473 
1.2110549 
1.3170780 
1.2935351 
1.2922356 
1.3517250 
1.1887282 
1.2797904 
1.3180254 
1.1547819 
1.1921993 
1.1504509 
1.1385454 
1.2101052 
1.2030095 
1.2378982 
1.2775056 
1.2229128 
1.2223160 
1.3559378 
1.4437305 
1.4034848 
1.3948703 
1.3430986 
1.3391117 
1.3431118 
1.3338121 
1.3404237 
1.1873173 
1.2813886 
1.1278814 
1.0181000 
1.1704500 
1.2270149 
1.2348187 
1.2362967 
1.2407728 
1.1843773 
1.3149778 
1.3108348 
1.2912990 
1.1240627 
1.0883085 
1.0845143 
1.0823979 
1.0948822 
1.1098908 
1.1886177 
1.2208772 
1.0321575 
1.2405279 
1.2756951 
1.3225203 
1.2844423 
1.2933201 
1.2665875 
1.2324582 
1.2478294 
1.3170748 
1.3053727 
1.2573380 
1.1915896 
1.1106440 
1.1451641 
1.1515832 
1.1358411 
1.1444609 
1.2249496 
1.2857246 
1.2060639 
1.2537475 
1.1957320 
1.1813493  
1.1248560 
1.1188645 
1.0904928 
1.1387087 
1.1417738 
1.2043177 
1.2331073 
1.2081841 
1.2417992 
1.0979921 
1.0969732 
1.1023443 
1.1624588 
1.0633737 
1.1575888 
1.0127617 
1.1146414 
1.2344800 
1.0892162 
1.0901347 
1.0789014 
1.0789014 
1.0789014 
1.0789014 
0.9392847 
1.1566813 
1.2027534 
1.1101261 
1.0277630 
1.2276688 
1.2142814 
1.2110503 
1.2405895 
1.2852566 
1.3295360 
1.3871055 
1.3778062 
1.3077884 
1.1804075 
0.9336353 
0.9037675 
0.9164950 
0.8625085 
0.7836755 
1.0030421 
1.0177771 
1.1701480 
1.1485863 
1.1561848 
1.2492855 
1.2463615 
1.2446774 
1.2616757 
1.1638725 
1.0814508 
1.1138592 
1.2700502 
1.2084481 
1.2094120 
0.9788933 
0.9960443 
0.9869993 
1.0043169 
1.1235225 
1.0083061 
0.9576655 
0.9624174 
1.2399106 
0.9998121 
1.0941492 
1.0297719 
1.0119203 
0.9206645 
0.9162239 
0.9251829 
0.8903940 
0.8054525 
0.6964450 
0.7856848 
0.8188294 
0.8201309 
0.8310888 
0.8692768 
0.8665653 
1.0200580 
1.2602186 
1.3063775 
1.2643133 
1.1453913 
1.1233659 
1.0940260 
1.1090198 
1.0994482 
1.0847476 
1.0999252 
1.1803356 
1.0216016 
1.2388319 
1.1563839 
1.1546077 
1.1928737 
1.1885682 
1.1759521 
1.1614283 
1.0498030 
1.1427181 
1.2292013 
1.2143495 
1.1560259 
1.1653042 
1.1616914 
1.1691946 
1.1593357 
1.0866282 
1.2270221 
1.0971878 
1.1174463 
1.2880367 
1.3194504 
1.3056287 
1.2859228 
1.2953556 
1.2853469 
1.3248904 
1.3017853 
1.2127578 
1.3845943 
1.3847752 
1.5421972 
1.5249678 
1.4977577 
1.4969870 
1.4919384 
1.6019672 
1.5249935 
1.4239811 
1.6408067 
1.7111225 
1.6047163 
1.6380364 
1.5427397 
1.5433896 
1.5749472 
1.4220850 
1.4003493 
1.3994030 
1.3943214 
1.4129187 
1.4475495 
1.3534989 
1.2375796 
1.2331160 
1.2519251 
1.3419383 
1.2133615 
1.2549516 
1.3097293 
1.5589603 
1.5588626 
1.6021649 
1.6161975 
1.5991566 
1.6606650 
1.6146940 
1.5651997 
1.3811796 
1.2313941 
1.4426500 
1.6206445 
1.6698283 
1.5795931 
1.5726322 
1.5757854 
1.5148302 
1.2094468 
1.3210232 
1.4406124 
1.4455051 
1.4377184 
1.5007694 
1.4822353 
1.4860853  
1.4292176 
1.5173955 
1.4155214 
1.4992058 
1.5293702 
1.6228397 
1.6472249 
1.5126017 
1.4843476 
1.4804265 
1.4682719 
1.5327510 
1.5191840 
1.4619000 
1.2554141 
1.4129121 
1.2496870 
1.3324900 
1.2654541 
1.2686964 
1.2983636 
1.2648017 
1.1794931 
1.1229941 
1.0851486 
1.0248641 
0.9786310 
0.9744715 
1.0413935 
1.0444161 
1.0820646 
1.1016275 
1.1438582 
1.3500316 
1.2637327 
1.2611979 
1.2971392 
1.2859824 
1.2576381 
1.2581360 
1.2362980 
1.3297791 
1.3134638 
1.6076034 
1.4515607 
1.4736488 
1.3919547 
1.2981508 
1.2360337 
1.2433916 
1.2439446 
1.1588439 
0.9973454 
1.0474694 
1.2456186 
1.2919800 
1.0934367 
1.1326046 
1.1829538 
1.1910732 
1.2224810 
1.1828835 
1.0709972 
1.1028713 
1.2697859 
1.1379000 
1.2824637 
1.1640880 
1.2914078 
1.3049843 
1.3440704 
1.1886473 
1.1310711 
1.1428524 
1.2245708 
1.1815250 
1.3860325 
1.3802961 
1.3734984 
1.3745686 
1.3862159 
1.2870153 
1.2645959 
1.2967772 
1.3926785 
1.6199363 
1.5169456 
1.4300945 
1.3817036 
1.3818604 
1.3662519 
1.3288990 
1.2100728 
1.3805515 
1.4078494 
1.3592054 
1.2090105 
1.1199713 
1.1189682 
1.1268355 
1.1347146 
1.1900954 
1.2593317 
1.3128521 
1.2178125 
1.2704835 
1.2099457 
1.0977300 
1.1591165 
1.1463833 
1.1479305 
1.2986364 
1.1711713 
1.1429627 
1.3941000 
1.4138733 
1.4365511 
1.3223156 
1.4419085 
1.4259466 
1.4105310 
1.4916129 
1.5207558 
1.5737590 
1.4592265 
1.3064606 
1.2870210 
1.2871727 
1.2524900 
1.2406178 
1.2127429 
1.2516868 
1.2110937 
1.1517564 
1.3695635 
1.3126047 
1.3960429 
1.4584659 
1.4391588 
1.4122653 
1.2848285 
1.2749287 
1.2944742 
1.3885387 
1.4407529 
1.3254926 
1.2189281 
1.4262445 
1.4056562 
1.3912363 
1.4322582 
1.3690740 
1.2410032 
1.3435261 
1.2487701 
1.2554910 
1.0375478 
1.0369236 
1.0805457 
1.0874180 
1.1531799 
1.1710294 
1.2268829 
1.3152997 
1.1977289 
1.0972866 
1.2442753 
1.2867209 
1.2653084 
1.2567049 
1.2608596 
1.2525771 
1.2208719 
1.1756529 
1.2918471 
1.2827618 
1.1417416 
1.1007757 
0.9731258 
0.9616162 
0.9721232 
1.0097063 
1.0046331 
1.1306410 
0.9399316 
1.0717156 
1.0647625 
1.1702377 
1.2130525 
1.2096313 
1.2435125 
1.3489650 
1.2424634 
1.0752538 
1.2269125 
1.2303644 
1.1178571 
1.1309481 
1.1551018 
1.1659896 
1.1539868 
1.1355784 
1.1291008 
1.0725546 
1.0270153 
0.9253032 
1.0340629 
0.9117986 
0.8685437 
0.8733879 
0.8582997 
0.8599240 
0.9389766 
0.9578614 
0.9739801 
0.9974208 
0.8817813 
0.8773034 
0.8974003 
0.9066131 
0.8408197 
0.8784742 
0.9408118 
0.9967148 
1.0124315 
0.8925605 
0.8402500 
0.8622388 
0.8805858 
0.8846657 
0.8922547  
0.9428012 
0.8102161 
1.0359945 
1.1823686 
1.1855253 
1.1431167 
1.0586613 
1.1303202 
1.1262320 
1.1637402 
1.1541394 
1.1121267 
1.1178458 
1.0399386 
1.0789217 
1.1026623 
1.1463785 
1.1295189 
1.1242050 
1.1371481 
1.1814362 
1.4510361 
1.2824075 
1.2569011 
1.3517401 
1.2772481 
1.2179561 
1.1210676 
1.1235442 
1.0972495 
1.0962114 
1.0929803 
1.1622207 
1.1770217 
1.1762726 
1.2512342 
1.0749778 
1.0803968 
1.0803789 
1.0517853  
1.0851783 
1.0116211 
1.0806023 
0.9997445 
1.0169941 
1.0018013 
1.0672657 
1.0030668 
1.0040013  
0.9796478 
1.0219704 
1.1795168 
1.0270398 
1.0507419 
1.0662111 
1.0549128 
0.9240094 
0.9964027 
1.0021319 
1.0072511 
1.0063611 
0.9881543 
1.0996110 
1.1364330 
1.2635972 
1.2769222 
1.3318714 
1.2180234 
1.2049080 
1.2148604 
1.1984771 
1.2454246 
1.4050773 
1.3448074 
1.2549143 
1.3579838 
1.3187133 
1.3244503 
1.3281492 
1.3198606 
1.3227766 
1.3326138 
1.3977685 
1.2699752 
1.3874005 
1.4092872 
1.3443428 
1.3383315 
1.3390596 
1.3457942 
1.3245368 
1.3282948 
1.4417315 
1.4343251 
1.4712819 
1.4063901 
1.4005986 
1.2855749 
1.2816312 
1.3404748 
1.3579481 
1.3161823 
1.3035212 
1.4773024 
1.3785485 
1.4189467 
1.2897418 
1.2858304 
1.2769490 
1.2666006 
1.2676440 
1.3909297 
1.3405135 
1.3705388 
1.2653134 
1.4336189 
1.3218678 
1.1548887 
1.1533581 
1.1888326 
1.0747077 
0.9419106 
1.0875326 
1.2539157 
1.2730584 
1.3474847 
1.3519721 
1.3610535 
1.3638116 
1.3797117 
1.3051767 
1.2910089 
1.1810970 
1.2807239 
1.5809784 
1.5214164 
1.4845443 
1.4383177 
1.4269651 
1.4205682 
1.4317834 
1.2655250 
1.0390167 
1.1029276 
1.1425635 
1.1833746 
1.2404987 
1.3620639 
1.3579199 
1.3879486 
1.3660157 
1.1970117 
1.1045407 
1.0265541 
1.1316242 
1.2843412 
1.0950063 
1.1011014 
1.1027237 
1.1027237 
1.1058713 
1.0695351 
1.0904708 
1.1394026 
1.1839659 
1.2297642 
1.1231208 
1.1716200 
1.1603975 
1.1502728  
1.1779929 
1.2238597 
1.4124085 
1.4159244 
1.5275830 
1.4347419 
1.2789325 
1.2871903 
1.2649060 
1.2548045 
1.2551556 
1.3856572 
1.3409131 
1.5077082 
1.5256257 
1.3929336 
1.2935781 
1.3326035 
1.3313289 
1.3246272 
1.4057006 
1.2931381 
1.3677030 
1.2521298 
1.1647571 
1.3380915 
1.3633119 
1.3635554 
1.3693308 
1.3461866 
1.3188601 
1.4190439 
1.4732617 
1.5518093 
1.3471090 
1.4144523 
1.5466158 
1.5544224 
1.5538474 
1.4967611 
1.4799097 
1.3297154 
1.3397393 
1.5726926 
1.6171399 
1.3553851 
1.5043987 
1.3925050 
1.3911917 
1.3403488 
1.4815972 
1.4858668 
1.4235581 
1.1548390 
1.3768083 
1.4079818 
1.4449204 
1.4323850 
1.4315081 
1.4327909 
1.4327909 
1.3063302 
1.4248357 
1.2743121 
1.4767658 
1.4650490 
1.4317987 
1.4565771 
1.4489688 
1.4372615 
1.4703215 
1.4693205 
1.4735539 
1.5858096 
1.6475964 
1.7118739 
1.7689008 
1.7115079 
1.6977568 
1.6656131 
1.7358667 
1.7205505 
1.6111835 
1.4892300 
1.5194937 
1.4146179 
1.4575028 
1.4130174 
1.4281212 
1.4129210 
1.4183928 
1.4019427 
1.4201458 
1.2970774 
1.2311964 
1.2422335 
1.2348466 
1.2402574 
1.2418110 
1.2418110 
1.1141965 
0.9773823 
1.1001644 
1.1535578 
1.1707594 
1.0885286 
1.0751117 
1.0708263 
1.0786959 
1.1090631 
1.0976503 
1.2321422 
1.2452444 
1.1714780 
1.0577632 
0.9814619 
1.0212280 
1.0087452 
1.0192479 
0.9978921 
1.0079107 
1.0399234 
1.2113402 
1.0600867 
0.9966443 
1.0880026 
1.0642810 
1.1328750 
1.1214153 
1.0277478  
0.9367835 
0.9718199 
1.0236002 
0.9731519 
1.0029656 
1.0338017 
1.1369841 
1.1325610 
1.1357280 
1.1099921 
1.1860240 
1.0365633 
1.0801394 
0.9524394 
1.2687311 
1.1353259 
1.2272868 
1.2272457 
1.2170269 
1.2124927 
1.2642722 
1.4094365 
1.2728605 
1.2453557 
1.1112127 
1.1643845 
1.1632100 
1.1077815 
1.1065121 
1.1391218 
1.0814565 
1.0814565 
